1 0.280926 0.592959 0.297778 0.490099 0.320370 0.425193 0.331667 0.370187 0.359074 0.330033 0.380000 0.320132 0.417778 0.310781 0.454815 0.353685 0.487778 0.351485 0.520926 0.353685 0.577222 0.387239 0.646481 0.425193 0.688333 0.432343 0.739074 0.442244 0.785000 0.473047 0.809815 0.477998 0.838889 0.485149 0.874259 0.511551 0.898519 0.530803 0.911296 0.542354 0.915370 0.585809 0.915370 0.621562 0.905741 0.635864 0.897593 0.662266 0.875185 0.671617 0.845370 0.681518 0.809074 0.695820 0.785000 0.693069 0.766481 0.695820 0.734259 0.698020 0.705185 0.705171 0.671481 0.745875 0.652963 0.781628 0.627963 0.834433 0.605370 0.875138 0.572407 0.913091 0.532963 0.946645 0.487778 0.968097 0.445185 0.965897 0.420185 0.958746 0.386296 0.927393 0.362222 0.908691 0.323519 0.863036 0.301111 0.798680 0.285000 0.738724 0.274444 0.678768 0.280926 0.583058
3 0.647222 0.215072 0.666667 0.193619 0.677037 0.181518 0.692407 0.176568 0.718148 0.183718 0.746296 0.183718 0.772778 0.202970 0.782593 0.224422 0.784074 0.260176 0.772037 0.262926 0.748704 0.265127 0.739815 0.289329 0.726111 0.300880 0.698704 0.300880 0.683519 0.300880 0.665000 0.267327 0.647222 0.212321
20 0.635926 0.114411 0.653704 0.092959 0.684259 0.064356 0.701111 0.064356 0.740741 0.066557 0.767222 0.083608 0.788148 0.090759 0.809815 0.105061 0.822037 0.143014 0.814815 0.167217 0.805000 0.186469 0.785000 0.183718 0.756667 0.181518 0.726111 0.181518 0.706111 0.174367 0.672222 0.169417
21 0.193519 0.197470 0.200185 0.187019 0.208704 0.172167 0.225556 0.172167 0.232222 0.197470 0.250000 0.197470 0.270185 0.202420 0.280185 0.179868 0.289444 0.177118 0.294444 0.189769 0.297037 0.227173 0.291111 0.279978 0.279444 0.307481 0.266667 0.327283 0.238889 0.332233 0.222222 0.324532 0.209444 0.314631 0.207037 0.277228 0.200185 0.234873 0.193519 0.204620
0 0.127778 0.124862 0.132963 0.092409 0.144630 0.079758 0.156481 0.077008 0.165741 0.087459 0.174074 0.099560 0.174074 0.139714 0.175000 0.152365 0.179259 0.184818 0.180926 0.207371 0.172407 0.232123 0.158148 0.217272 0.146296 0.197470 0.139630 0.184818 0.132963 0.167217 0.126111 0.127063
5 0.054630 0.359736 0.058889 0.314631 0.072222 0.289879 0.086667 0.287129 0.099259 0.307481 0.107593 0.347085 0.104259 0.374587 0.095926 0.402090 0.085741 0.427393 0.075741 0.432343 0.068148 0.409791 0.062963 0.387239 0.056296 0.364686
6 0.082407 0.464796 0.088333 0.460946 0.092778 0.459296 0.099074 0.450495 0.106296 0.440594 0.112778 0.431793 0.117963 0.412541 0.121481 0.400990 0.124444 0.389989 0.125370 0.375138 0.126481 0.356436 0.125370 0.327283 0.122037 0.314631 0.119630 0.302530 0.116111 0.293179 0.111296 0.285479 0.103889 0.264026 0.098519 0.256326 0.095556 0.250825 0.092778 0.247525 0.083889 0.232123 0.075741 0.227723 0.064815 0.227723 0.055741 0.240374 0.050000 0.256876 0.045556 0.270077 0.041667 0.295380 0.039074 0.319032 0.036296 0.336084 0.037593 0.362486 0.039074 0.386689 0.043148 0.414191 0.050370 0.431793 0.059074 0.446645 0.067407 0.455996 0.074074 0.460396 0.082407 0.463696
8 0.073333 0.215072 0.084444 0.221672 0.095741 0.238174 0.104444 0.252475 0.114815 0.275028 0.128333 0.311881 0.130741 0.330033 0.131852 0.349285 0.130370 0.370737 0.128889 0.385589 0.126481 0.403190 0.123333 0.415842 0.117593 0.432893 0.109815 0.448845 0.102037 0.462046 0.094630 0.472497 0.085556 0.474147 0.087407 0.465347 0.093704 0.460396 0.100926 0.454895 0.110185 0.435094 0.117222 0.417492 0.123519 0.396040 0.126852 0.376788 0.126852 0.366887 0.127222 0.349285 0.126296 0.330583 0.123519 0.319032 0.120000 0.302530 0.114259 0.288779 0.108333 0.275578 0.101852 0.258526 0.095185 0.249175 0.090185 0.238174 0.082407 0.231023 0.074630 0.226073 0.073148 0.211771
9 0.080926 0.506051 0.086852 0.507151 0.094815 0.505501 0.105370 0.502750 0.111296 0.496700 0.123333 0.482398 0.133333 0.464796 0.141111 0.446645 0.145926 0.423542 0.150370 0.401540 0.152593 0.391089 0.156111 0.355336 0.154259 0.315732 0.150185 0.281628 0.142407 0.255226 0.135741 0.236524 0.126852 0.212871 0.119630 0.201870 0.108889 0.187019 0.097037 0.174367 0.077593 0.163916 0.067963 0.168317 0.056296 0.178218 0.046852 0.195820 0.036667 0.218922 0.028519 0.249725 0.022222 0.281628 0.017222 0.343784 0.016667 0.380088 0.019074 0.410341 0.023889 0.434543 0.033333 0.462596 0.044444 0.480748 0.058148 0.498350 0.069815 0.504400 0.080926 0.504400
10 0.112222 0.185369 0.112222 0.174367 0.116111 0.172717 0.125000 0.191419 0.134630 0.209021 0.143333 0.232123 0.149815 0.249175 0.156667 0.278328 0.159444 0.299780 0.161852 0.331683 0.162407 0.362486 0.160556 0.392739 0.158148 0.414741 0.155000 0.435094 0.147407 0.458196 0.144259 0.466447 0.139444 0.476898 0.132222 0.493949 0.126481 0.503850 0.118519 0.508801 0.107407 0.518702 0.097593 0.522552 0.088333 0.524752 0.082963 0.520352 0.085370 0.512651 0.091852 0.508251 0.103333 0.504400 0.112593 0.496700 0.123333 0.482398 0.129630 0.472497 0.140926 0.446095 0.147407 0.417492 0.153519 0.382838 0.155741 0.359736 0.155185 0.325083 0.151667 0.288779 0.145000 0.260726 0.134074 0.229373 0.120000 0.202970 0.111111 0.185919
11 0.080926 0.523102 0.091296 0.526953 0.111111 0.517602 0.130741 0.499450 0.145926 0.460946 0.159630 0.414191 0.162407 0.369637 0.162407 0.328933 0.158519 0.293179 0.156481 0.276678 0.151296 0.252475 0.146481 0.237624 0.138148 0.217272 0.133333 0.205721 0.127222 0.193069 0.117593 0.177118 0.112222 0.168317 0.108704 0.163916 0.100000 0.156766 0.093704 0.155116 0.088889 0.153465 0.082407 0.153465 0.076111 0.157866 0.065926 0.168317 0.058148 0.176018 0.051296 0.187019 0.044444 0.201870 0.039074 0.214521 0.032778 0.231023 0.024630 0.267877 0.019259 0.313531 0.017222 0.347635 0.017222 0.380088 0.019074 0.410341 0.027407 0.447745 0.054259 0.496700 0.067037 0.504400 0.073333 0.506051 0.077593 0.509901 0.078704 0.509901 0.079630 0.523102 0.076296 0.526953 0.065370 0.515402 0.051852 0.503850 0.040185 0.487899 0.034630 0.479648 0.027037 0.458196 0.021111 0.436194 0.017778 0.422992 0.013889 0.388339 0.012963 0.359736 0.015370 0.334433 0.016296 0.311331 0.020000 0.273927 0.024444 0.249175 0.028333 0.233773 0.035370 0.210121 0.041481 0.197470 0.046852 0.184268 0.054259 0.172717 0.062963 0.162266 0.074259 0.151265 0.082037 0.144114 0.089259 0.143564 0.099630 0.149615 0.106852 0.155116 0.122963 0.178768 0.131852 0.194719 0.145000 0.223322 0.151667 0.242024 0.157037 0.255226 0.162407 0.291529 0.164259 0.306931 0.166667 0.343784 0.165926 0.383938 0.163519 0.413091 0.158148 0.435094 0.153148 0.455996 0.147778 0.474147 0.142593 0.485149 0.134259 0.500000 0.127407 0.517052 0.117222 0.524202 0.112593 0.529153 0.102963 0.530253 0.090370 0.537404 0.079074 0.533553 0.079074 0.522552
2 0.379259 0.249725 0.391111 0.232123 0.406111 0.233773 0.418148 0.214521 0.435370 0.214521 0.453333 0.201870 0.478333 0.207371 0.514815 0.221672 0.520741 0.220022 0.522037 0.205721 0.517778 0.184268 0.505926 0.185919 0.495741 0.180968 0.483704 0.171617 0.474815 0.171617 0.468333 0.184268 0.454444 0.184268 0.442037 0.180968 0.444444 0.157866 0.451481 0.122112 0.459259 0.102860 0.482593 0.070957 0.497593 0.074257 0.508889 0.056656 0.544630 0.029703 0.574630 0.028053 0.605556 0.022552 0.630185 0.024752 0.654630 0.022552 0.680926 0.035204 0.703704 0.044004 0.730556 0.051155 0.758519 0.067107 0.781852 0.063806 0.805741 0.070957 0.842778 0.074257 0.861296 0.084708 0.874444 0.097360 0.896481 0.113311 0.919815 0.138064 0.930556 0.152365 0.952037 0.169967 0.954444 0.220022 0.966481 0.232123 0.975926 0.237624 0.976667 0.262376 0.967037 0.290979 0.956852 0.306931 0.936667 0.303080 0.919815 0.290979 0.895926 0.278328 0.889444 0.287129 0.902593 0.306931 0.919259 0.350935 0.928148 0.395490 0.931852 0.425743 0.931852 0.457646 0.919259 0.476898 0.905000 0.476898 0.897778 0.455996 0.895370 0.487899 0.887593 0.487899 0.861852 0.480748 0.848704 0.462596 0.833889 0.459296 0.821296 0.462596 0.805741 0.453795 0.786111 0.432893 0.770556 0.420242 0.760370 0.413091 0.750185 0.407591 0.733519 0.391639 0.726296 0.368537 0.719074 0.338834 0.732963 0.327833 0.740000 0.326183 0.745370 0.292629 0.766296 0.271177 0.786111 0.294279 0.789630 0.260726 0.789630 0.230473 0.796296 0.196920 0.812407 0.185919 0.821852 0.162816 0.821852 0.139714 0.819444 0.127613 0.811111 0.099010 0.794444 0.088559 0.777037 0.081408 0.747222 0.070957 0.719815 0.058306 0.683889 0.056656 0.668889 0.065457 0.654630 0.088559 0.633148 0.110011 0.645741 0.145215 0.669630 0.157866 0.673148 0.173817 0.660556 0.194719 0.647407 0.201870 0.643333 0.223322 0.652222 0.242574 0.659444 0.276678 0.659444 0.310231 0.639074 0.315732 0.615741 0.347635 0.602593 0.336634 0.593148 0.336634 0.570926 0.330033 0.546481 0.317382 0.535741 0.301430 0.519630 0.304730 0.504630 0.292629 0.492778 0.283828 0.474815 0.294279 0.459259 0.294279 0.446111 0.278328 0.435926 0.278328 0.418148 0.278328 0.400185 0.272827 0.382778 0.271177 0.379259 0.253575
2 0.443148 0.184268 0.456852 0.184268 0.477778 0.184268 0.492778 0.169967 0.519074 0.193069 0.519074 0.205721 0.505926 0.220022 0.495741 0.212871 0.475926 0.207371 0.456852 0.207371 0.443148 0.207371 0.440741 0.182618
2 0.443148 0.184268 0.440741 0.182618 0.443148 0.207371 0.445523 0.207371 0.435370 0.214521 0.418148 0.214521 0.406111 0.233773 0.391111 0.232123 0.379259 0.249725 0.379259 0.253575 0.382778 0.271177 0.400185 0.272827 0.418148 0.278328 0.435926 0.278328 0.446111 0.278328 0.459259 0.294279 0.474815 0.294279 0.492778 0.283828 0.504630 0.292629 0.519630 0.304730 0.535741 0.301430 0.546481 0.317382 0.570926 0.330033 0.593148 0.336634 0.602593 0.336634 0.615741 0.347635 0.639074 0.315732 0.659444 0.310231 0.659444 0.276678 0.652222 0.242574 0.643333 0.223322 0.647407 0.201870 0.660556 0.194719 0.673148 0.173817 0.669630 0.157866 0.645741 0.145215 0.633148 0.110011 0.654630 0.088559 0.668889 0.065457 0.683889 0.056656 0.719815 0.058306 0.747222 0.070957 0.777037 0.081408 0.794444 0.088559 0.811111 0.099010 0.819444 0.127613 0.821852 0.139714 0.821852 0.162816 0.812407 0.185919 0.796296 0.196920 0.789630 0.230473 0.789630 0.260726 0.786111 0.294279 0.766296 0.271177 0.745370 0.292629 0.740000 0.326183 0.732963 0.327833 0.719074 0.338834 0.726296 0.368537 0.733519 0.391639 0.750185 0.407591 0.760370 0.413091 0.770556 0.420242 0.786111 0.432893 0.805741 0.453795 0.821296 0.462596 0.833889 0.459296 0.848704 0.462596 0.861852 0.480748 0.887593 0.487899 0.895370 0.487899 0.897778 0.455996 0.905000 0.476898 0.919259 0.476898 0.931852 0.457646 0.931852 0.425743 0.928148 0.395490 0.919259 0.350935 0.902593 0.306931 0.889444 0.287129 0.895926 0.278328 0.919815 0.290979 0.936667 0.303080 0.956852 0.306931 0.967037 0.290979 0.976667 0.262376 0.975926 0.237624 0.966481 0.232123 0.954444 0.220022 0.952037 0.169967 0.930556 0.152365 0.919815 0.138064 0.896481 0.113311 0.874444 0.097360 0.861296 0.084708 0.842778 0.074257 0.805741 0.070957 0.781852 0.063806 0.758519 0.067107 0.730556 0.051155 0.703704 0.044004 0.680926 0.035204 0.654630 0.022552 0.630185 0.024752 0.605556 0.022552 0.574630 0.028053 0.544630 0.029703 0.508889 0.056656 0.497593 0.074257 0.482593 0.070957 0.459259 0.102860 0.451481 0.122112 0.444444 0.157866 0.442037 0.180968 0.454444 0.184268 0.443148 0.184268
