0 0.287500 0.140144 0.280625 0.168304 0.283125 0.214800 0.301875 0.258022 0.338750 0.317616 0.369375 0.345776 0.395000 0.378520 0.440625 0.392272 0.471875 0.387033 0.516250 0.397511 0.546250 0.397511 0.583125 0.381794 0.594375 0.365422 0.628125 0.337917 0.655000 0.316306 0.671875 0.281598 0.693750 0.253438 0.693750 0.201048 0.681875 0.164375 0.663750 0.146038 0.645000 0.117878 0.613750 0.092338 0.601250 0.080550 0.582500 0.064833 0.570000 0.053700 0.541250 0.045187 0.521875 0.055665 0.510000 0.052390 0.486250 0.037983 0.457500 0.037328 0.419375 0.037328 0.362500 0.054355 0.333125 0.079240 0.311875 0.113949 0.293125 0.119188 0.290000 0.135560
21 0.172500 0.369352 0.185000 0.357564 0.191875 0.338572 0.231875 0.326130 0.264375 0.318926 0.277500 0.288802 0.273125 0.258022 0.267500 0.244925 0.284375 0.261297 0.295625 0.266536 0.306875 0.283563 0.324375 0.324820 0.338750 0.356254 0.360000 0.388998 0.376875 0.426326 0.376875 0.448592 0.359375 0.466274 0.334375 0.479371 0.304375 0.483955 0.268750 0.491814 0.245000 0.482646 0.211875 0.461690 0.186250 0.434840 0.176250 0.412574 0.171875 0.390308 0.173750 0.366732
21 0.611250 0.381794 0.598750 0.421742 0.601250 0.461690 0.615625 0.485920 0.681875 0.499018 0.710625 0.510806 0.753125 0.516699 0.793125 0.501637 0.818750 0.480026 0.822500 0.462999 0.815625 0.436804 0.804375 0.412574 0.793125 0.392272 0.756250 0.375246 0.736250 0.344466 0.721875 0.332024 0.717500 0.309758 0.711875 0.281598 0.711875 0.253438 0.692500 0.250164 0.692500 0.261297 0.676250 0.283563 0.668125 0.296660 0.645625 0.329404 0.626875 0.360838 0.612500 0.375246
3 0.429375 0.462999 0.453750 0.445318 0.467500 0.436804 0.485000 0.427636 0.508750 0.436149 0.525625 0.451212 0.537500 0.463654 0.540000 0.483955 0.528750 0.489849 0.495000 0.485265 0.475000 0.478062 0.455000 0.478062 0.440625 0.485920 0.425000 0.478062 0.428125 0.467583
23 0.375625 0.548134 0.392500 0.535036 0.426875 0.533071 0.441875 0.524558 0.467500 0.525868 0.496250 0.529142 0.520625 0.535036 0.551875 0.536346 0.574375 0.545514 0.583125 0.555992 0.566875 0.558612 0.548750 0.567780 0.531875 0.577603 0.505000 0.593975 0.493125 0.590046 0.479375 0.591356 0.465000 0.594630 0.456250 0.582187 0.443750 0.571709 0.415000 0.561231 0.392500 0.558612 0.376875 0.549443
1 0.364375 0.716437 0.374375 0.709234 0.380000 0.692862 0.396875 0.688278 0.415000 0.700065 0.415000 0.709234 0.411250 0.719057 0.395625 0.726916 0.385000 0.726916 0.374375 0.730845 0.363750 0.714473
1 0.561875 0.671906 0.561250 0.714473 0.580000 0.725606 0.611250 0.723641 0.628125 0.724951 0.615625 0.705959 0.601250 0.680419 0.578750 0.674525 0.560000 0.669941
1 0.402500 0.770138 0.428125 0.762279 0.449375 0.750491 0.467500 0.734119 0.489375 0.743287 0.505000 0.753111 0.520625 0.774722 0.508750 0.791094 0.488750 0.821873 0.470625 0.812705 0.441875 0.796333 0.426875 0.790439 0.416875 0.783235 0.405000 0.774067
16 0.371250 0.781925 0.358125 0.792403 0.358125 0.833661 0.378125 0.860511 0.395625 0.887361 0.409375 0.905043 0.439375 0.929273 0.457500 0.939751 0.471875 0.954813 0.500625 0.956123 0.543125 0.957433 0.575625 0.944335 0.603750 0.924689 0.619375 0.905697 0.642500 0.884741 0.646875 0.860511 0.645625 0.847413 0.628125 0.840210 0.616875 0.833661 0.602500 0.829077 0.568750 0.829077 0.551250 0.835625 0.538750 0.841519 0.507500 0.841519 0.490625 0.826457 0.443750 0.804191 0.422500 0.789129 0.396875 0.785200 0.371250 0.780616
25 0.491875 0.905697 0.501875 0.886051 0.514375 0.865095 0.526250 0.847413 0.550000 0.836935 0.572500 0.829731 0.605625 0.829731 0.628125 0.838245 0.639375 0.848723 0.648125 0.865095 0.639375 0.884741 0.626875 0.899149 0.602500 0.918795 0.591250 0.935167 0.571250 0.946955 0.544375 0.948919 0.534375 0.945645 0.511875 0.930583 0.493125 0.922069 0.488750 0.905697
24 0.362500 0.804191 0.365625 0.793713 0.371250 0.785200 0.389375 0.785200 0.425000 0.798297 0.445000 0.802881 0.455000 0.813360 0.483125 0.823838 0.500625 0.836935 0.493125 0.865095 0.493125 0.884741 0.487500 0.912901 0.478750 0.939751 0.463750 0.944335 0.455000 0.935167 0.428125 0.920105 0.411250 0.901113 0.383750 0.870989 0.369375 0.856582 0.364375 0.834316 0.360000 0.823838 0.363750 0.799607
